extrinsics:
  depth_to_rgb:
  - [0.9999742239458782, 0.0028538120144312755, -0.006588414135810078, -0.031129403527120417]
  - [-0.0023723499585768153, 0.9974045442692224, 0.07196212216700337, 0.004374905205033845]
  - [0.006776680567408718, -0.07194463724344549, 0.9973856053565223, -0.0005003068717525082]
  - [0.0, 0.0, 0.0, 1.0]
  rgb_to_depth:
  - [0.9999742239458781, -0.0023723499585768092, 0.006776680567408719, 0.031142370359967808]
  - [0.002853812014431281, 0.9974045442692224, -0.0719446372434455, -0.004310707262858693]
  - [-0.006588414135810077, 0.07196212216700336, 0.9973856053565222, -2.0921992924217234e-05]
  - [0.0, 0.0, 0.0, 1.0]
  rms: 2.6273010827002654
intrinsic_color:
  camera_matrix:
  - [970.6961049887732, 0.0, 1023.2917703671865]
  - [0.0, 970.8438003813078, 773.1431271976712]
  - [0.0, 0.0, 1.0]
  k1: 0.23109613438603602
  k2: 17.84109672535956
  k3: 0.10019406675658767
  k4: 0.16702865646371898
  k5: 17.614045135296855
  k6: -0.49383137740184413
  p1: -0.00017048787061254366
  p2: -0.0004226150100828664
  rms: 0.15377058312028516
intrinsic_depth:
  camera_matrix:
  - [504.8230447431148, 0.0, 316.94947503081073]
  - [0.0, 504.8317170251364, 328.0495889886896]
  - [0.0, 0.0, 1.0]
  k1: 28.62345971837944
  k2: -42.618918674534534
  k3: -12.592536397948114
  k4: 28.81203649305351
  k5: -32.486374713705494
  k6: -29.898869393933882
  p1: -0.00041678786025381334
  p2: 0.00014690934897861695
  rms: 0.5965143175659525
